,minLeaf,maxDepth,trainAcc,valAcc
0,0,0,0.5430765993265994,0.0
0,3,3,0.695896,0.695202
0,3,4,0.700694,0.700758
0,3,5,0.710838,0.709848
0,3,6,0.715762,0.714057
0,3,7,0.720370,0.719444
0,3,8,0.728346,0.724832
0,3,9,0.741183,0.736111
0,3,10,0.753304,0.738384
0,3,11,0.766393,0.745370
0,3,12,0.777609,0.749242
0,3,13,0.791204,0.756229
0,3,14,0.806208,0.761027
0,3,15,0.818056,0.769529
0,3,16,0.829609,0.769444
0,3,17,0.840341,0.771212
0,3,18,0.849369,0.773064
0,3,19,0.858081,0.770623
0,3,20,0.868771,0.768434
0,4,3,0.695896,0.695202
0,4,4,0.700694,0.700758
0,4,5,0.710816,0.709764
0,4,6,0.715741,0.713973
0,4,7,0.720307,0.719024
0,4,8,0.728114,0.724411
0,4,9,0.740741,0.735774
0,4,10,0.752462,0.738300
0,4,11,0.765046,0.744781
0,4,12,0.775947,0.748569
0,4,13,0.788384,0.756061
0,4,14,0.802189,0.761111
0,4,15,0.813468,0.768939
0,4,16,0.824453,0.768855
0,4,17,0.833544,0.769360
0,4,18,0.841435,0.771549
0,4,19,0.849769,0.768182
0,4,20,0.858586,0.768603
0,5,3,0.695896,0.695202
0,5,4,0.700694,0.700758
0,5,5,0.710774,0.710017
0,5,6,0.715699,0.714226
0,5,7,0.720244,0.719360
0,5,8,0.727883,0.724495
0,5,9,0.740404,0.735859
0,5,10,0.751894,0.738973
0,5,11,0.764289,0.745455
0,5,12,0.774979,0.748401
0,5,13,0.786911,0.755471
0,5,14,0.800295,0.762121
0,5,15,0.810964,0.768855
0,5,16,0.821128,0.770455
0,5,17,0.828998,0.771633
0,5,18,0.836048,0.771633
0,5,19,0.843497,0.769865
0,5,20,0.851178,0.771465
0,6,3,0.695896,0.695202
0,6,4,0.700694,0.700758
0,6,5,0.710774,0.710017
0,6,6,0.715678,0.714226
0,6,7,0.720181,0.719613
0,6,8,0.727694,0.725000
0,6,9,0.739983,0.735859
0,6,10,0.751431,0.738721
0,6,11,0.763699,0.745286
0,6,12,0.773948,0.748653
0,6,13,0.785669,0.756313
0,6,14,0.798295,0.762879
0,6,15,0.808333,0.770370
0,6,16,0.817635,0.770539
0,6,17,0.824874,0.773148
0,6,18,0.831271,0.773232
0,6,19,0.837458,0.772811
0,6,20,0.844171,0.774158
0,7,3,0.695896,0.695202
0,7,4,0.700694,0.700758
0,7,5,0.710753,0.710017
0,7,6,0.715572,0.714141
0,7,7,0.719992,0.719613
0,7,8,0.727525,0.724916
0,7,9,0.739436,0.734933
0,7,10,0.750715,0.738468
0,7,11,0.762584,0.744276
0,7,12,0.772243,0.747306
0,7,13,0.783312,0.755219
0,7,14,0.795686,0.762374
0,7,15,0.804966,0.770034
0,7,16,0.813636,0.768855
0,7,17,0.820455,0.772811
0,7,18,0.826073,0.772727
0,7,19,0.831839,0.772138
0,7,20,0.837963,0.774579
0,8,3,0.695896,0.695202
0,8,4,0.700694,0.700758
0,8,5,0.710753,0.710017
0,8,6,0.715551,0.714141
0,8,7,0.719971,0.719613
0,8,8,0.727441,0.725000
0,8,9,0.739268,0.734764
0,8,10,0.750168,0.737963
0,8,11,0.761427,0.744444
0,8,12,0.770602,0.747222
0,8,13,0.781103,0.754882
0,8,14,0.792950,0.761953
0,8,15,0.801810,0.770118
0,8,16,0.809891,0.769108
0,8,17,0.816246,0.772643
0,8,18,0.821128,0.773232
0,8,19,0.826221,0.773316
0,8,20,0.832344,0.775758
0,9,3,0.695896,0.695202
0,9,4,0.700694,0.700758
0,9,5,0.710753,0.710017
0,9,6,0.715509,0.713973
0,9,7,0.719928,0.719444
0,9,8,0.727336,0.725168
0,9,9,0.739141,0.736027
0,9,10,0.750042,0.738889
0,9,11,0.761132,0.745791
0,9,12,0.769823,0.748148
0,9,13,0.779714,0.756229
0,9,14,0.791225,0.763131
0,9,15,0.799453,0.769613
0,9,16,0.806881,0.768855
0,9,17,0.813447,0.772222
0,9,18,0.818455,0.770960
0,9,19,0.823127,0.772475
0,9,20,0.828788,0.772811
0,10,3,0.695896,0.695202
0,10,4,0.700694,0.700758
0,10,5,0.710732,0.710017
0,10,6,0.715488,0.713973
0,10,7,0.719907,0.719444
0,10,8,0.727294,0.725168
0,10,9,0.738973,0.736111
0,10,10,0.749558,0.739310
0,10,11,0.760669,0.747391
0,10,12,0.769108,0.749074
0,10,13,0.778325,0.756650
0,10,14,0.789604,0.762626
0,10,15,0.797412,0.770034
0,10,16,0.804314,0.768603
0,10,17,0.810543,0.771970
0,10,18,0.815341,0.770286
0,10,19,0.819613,0.771970
0,10,20,0.825168,0.774074
0,11,3,0.695896,0.695202
0,11,4,0.700694,0.700758
0,11,5,0.710648,0.709933
0,11,6,0.715404,0.713889
0,11,7,0.719802,0.719276
0,11,8,0.727125,0.725000
0,11,9,0.738721,0.735690
0,11,10,0.749074,0.738131
0,11,11,0.760059,0.746128
0,11,12,0.768371,0.748316
0,11,13,0.777020,0.755976
0,11,14,0.787984,0.762037
0,11,15,0.795728,0.767761
0,11,16,0.801999,0.767003
0,11,17,0.808481,0.770455
0,11,18,0.812900,0.769108
0,11,19,0.817045,0.772559
0,11,20,0.821949,0.772727
0,12,3,0.695896,0.695202
0,12,4,0.700694,0.700758
0,12,5,0.710648,0.709933
0,12,6,0.715404,0.713889
0,12,7,0.719781,0.719192
0,12,8,0.727083,0.724916
0,12,9,0.738615,0.735774
0,12,10,0.748737,0.738468
0,12,11,0.759638,0.746044
0,12,12,0.767635,0.748653
0,12,13,0.775905,0.756734
0,12,14,0.786721,0.761785
0,12,15,0.794592,0.765825
0,12,16,0.800021,0.765320
0,12,17,0.806439,0.770875
0,12,18,0.810585,0.769192
0,12,19,0.814331,0.769697
0,12,20,0.818855,0.772896
0,13,3,0.695896,0.695202
0,13,4,0.700694,0.700758
0,13,5,0.710648,0.709933
0,13,6,0.715404,0.713889
0,13,7,0.719718,0.719192
0,13,8,0.726999,0.724747
0,13,9,0.738300,0.735269
0,13,10,0.748380,0.736953
0,13,11,0.759154,0.744697
0,13,12,0.766772,0.747138
0,13,13,0.774958,0.754545
0,13,14,0.785543,0.762205
0,13,15,0.792908,0.767677
0,13,16,0.798674,0.766077
0,13,17,0.805198,0.769697
0,13,18,0.808586,0.770539
0,13,19,0.811974,0.770960
0,13,20,0.816477,0.773316
0,14,3,0.695896,0.695202
0,14,4,0.700694,0.700758
0,14,5,0.710648,0.709933
0,14,6,0.715404,0.713889
0,14,7,0.719465,0.719024
0,14,8,0.726852,0.724495
0,14,9,0.738152,0.735017
0,14,10,0.748064,0.736785
0,14,11,0.758691,0.744276
0,14,12,0.766098,0.746128
0,14,13,0.773906,0.753199
0,14,14,0.784407,0.760606
0,14,15,0.791561,0.765572
0,14,16,0.797117,0.765909
0,14,17,0.803283,0.769865
0,14,18,0.806629,0.770034
0,14,19,0.809954,0.772054
0,14,20,0.813889,0.773737
0,15,3,0.695896,0.695202
0,15,4,0.700694,0.700758
0,15,5,0.710648,0.709933
0,15,6,0.715404,0.713889
0,15,7,0.719465,0.719024
0,15,8,0.726747,0.724579
0,15,9,0.738047,0.735354
0,15,10,0.747559,0.737121
0,15,11,0.757955,0.743855
0,15,12,0.765383,0.744781
0,15,13,0.772769,0.752946
0,15,14,0.782934,0.758586
0,15,15,0.790215,0.763805
0,15,16,0.795412,0.764141
0,15,17,0.801557,0.767677
0,15,18,0.804777,0.768266
0,15,19,0.807870,0.770034
0,15,20,0.811469,0.771044
0,16,3,0.695896,0.695202
0,16,4,0.700694,0.700758
0,16,5,0.710648,0.709933
0,16,6,0.715404,0.713889
0,16,7,0.719444,0.718939
0,16,8,0.728072,0.725758
0,16,9,0.738279,0.735774
0,16,10,0.748127,0.738805
0,16,11,0.757934,0.745286
0,16,12,0.765446,0.747138
0,16,13,0.772033,0.754377
0,16,14,0.781839,0.759175
0,16,15,0.788847,0.765657
0,16,16,0.793855,0.765488
0,16,17,0.799811,0.768013
0,16,18,0.803009,0.768434
0,16,19,0.805850,0.769781
0,16,20,0.809596,0.771128
0,17,3,0.695896,0.695202
0,17,4,0.700694,0.700758
0,17,5,0.710564,0.710185
0,17,6,0.715488,0.714057
0,17,7,0.719192,0.718939
0,17,8,0.727483,0.725421
0,17,9,0.737921,0.735522
0,17,10,0.748169,0.739226
0,17,11,0.757365,0.746128
0,17,12,0.764731,0.747643
0,17,13,0.771023,0.754293
0,17,14,0.780703,0.759512
0,17,15,0.787521,0.765404
0,17,16,0.792971,0.767677
0,17,17,0.798464,0.768603
0,17,18,0.801326,0.768771
0,17,19,0.804040,0.770370
0,17,20,0.807597,0.770791
0,18,3,0.695896,0.695202
0,18,4,0.700694,0.700758
0,18,5,0.710564,0.710185
0,18,6,0.715467,0.714057
0,18,7,0.719171,0.718939
0,18,8,0.727336,0.725337
0,18,9,0.737710,0.735606
0,18,10,0.747832,0.738805
0,18,11,0.757302,0.745286
0,18,12,0.764268,0.747138
0,18,13,0.770560,0.752609
0,18,14,0.779714,0.758081
0,18,15,0.786237,0.763973
0,18,16,0.791646,0.765825
0,18,17,0.796970,0.768603
0,18,18,0.799621,0.769276
0,18,19,0.802694,0.771886
0,18,20,0.805619,0.771296
0,19,3,0.695896,0.695202
0,3,3,0.695896,0.695202
0,3,4,0.700694,0.700758
0,3,5,0.710838,0.709848
0,3,6,0.715762,0.714057
0,3,7,0.720370,0.719444
0,3,8,0.728346,0.724832
0,3,9,0.741183,0.736111
0,3,10,0.753304,0.738384
0,3,11,0.766393,0.745370
0,3,12,0.777609,0.749242
0,3,13,0.791204,0.756229
0,3,14,0.806208,0.761027
0,3,15,0.818056,0.769529
0,3,16,0.829609,0.769444
0,3,17,0.840341,0.771212
0,3,18,0.849369,0.773064
0,3,19,0.858081,0.770623
0,3,20,0.868771,0.768434
0,3,21,0.877231,0.770286
0,3,22,0.884806,0.768687
0,3,23,0.890741,0.767677
0,3,24,0.895560,0.766246
0,3,25,0.899621,0.767340
0,3,26,0.903409,0.767340
0,3,27,0.905829,0.764646
0,3,28,0.907618,0.765993
0,3,29,0.908796,0.765152
0,3,30,0.909764,0.765657
0,4,3,0.695896,0.695202
0,4,4,0.700694,0.700758
0,4,5,0.710816,0.709764
0,4,6,0.715741,0.713973
0,4,7,0.720307,0.719024
0,4,8,0.728114,0.724411
0,4,9,0.740741,0.735774
0,4,10,0.752462,0.738300
0,4,11,0.765046,0.744781
0,4,12,0.775947,0.748569
0,4,13,0.788384,0.756061
0,4,14,0.802189,0.761111
0,4,15,0.813468,0.768939
0,4,16,0.824453,0.768855
0,4,17,0.833544,0.769360
0,4,18,0.841435,0.771549
0,4,19,0.849769,0.768182
0,4,20,0.858586,0.768603
0,4,21,0.865215,0.768266
0,4,22,0.871086,0.766414
0,4,23,0.875568,0.766162
0,4,24,0.879482,0.766582
0,4,25,0.883207,0.766582
0,4,26,0.885375,0.766414
0,4,27,0.887626,0.765741
0,4,28,0.888699,0.765657
0,4,29,0.889310,0.765825
0,4,30,0.889878,0.766498
0,5,3,0.695896,0.695202
0,5,4,0.700694,0.700758
0,5,5,0.710774,0.710017
0,5,6,0.715699,0.714226
0,5,7,0.720244,0.719360
0,5,8,0.727883,0.724495
0,5,9,0.740404,0.735859
0,5,10,0.751894,0.738973
0,5,11,0.764289,0.745455
0,5,12,0.774979,0.748401
0,5,13,0.786911,0.755471
0,5,14,0.800295,0.762121
0,5,15,0.810964,0.768855
0,5,16,0.821128,0.770455
0,5,17,0.828998,0.771633
0,5,18,0.836048,0.771633
0,5,19,0.843497,0.769865
0,5,20,0.851178,0.771465
0,5,21,0.857197,0.770623
0,5,22,0.862121,0.769360
0,5,23,0.866077,0.768939
0,5,24,0.869129,0.771128
0,5,25,0.872264,0.769192
0,5,26,0.874411,0.767761
0,5,27,0.875673,0.767593
0,5,28,0.876599,0.767845
0,5,29,0.877083,0.767508
0,5,30,0.877315,0.767508
0,6,3,0.695896,0.695202
0,6,4,0.700694,0.700758
0,6,5,0.710774,0.710017
0,6,6,0.715678,0.714226
0,6,7,0.720181,0.719613
0,6,8,0.727694,0.725000
0,6,9,0.739983,0.735859
0,6,10,0.751431,0.738721
0,6,11,0.763699,0.745286
0,6,12,0.773948,0.748653
0,6,13,0.785669,0.756313
0,6,14,0.798295,0.762879
0,6,15,0.808333,0.770370
0,6,16,0.817635,0.770539
0,6,17,0.824874,0.773148
0,6,18,0.831271,0.773232
0,6,19,0.837458,0.772811
0,6,20,0.844171,0.774158
0,6,21,0.849747,0.774327
0,6,22,0.854209,0.773316
0,6,23,0.857639,0.773316
0,6,24,0.860648,0.775926
0,6,25,0.862816,0.775421
0,6,26,0.864604,0.773485
0,6,27,0.865278,0.773485
0,6,28,0.866056,0.772222
0,6,29,0.866056,0.772643
0,6,30,0.866372,0.772138
0,7,3,0.695896,0.695202
0,7,4,0.700694,0.700758
0,7,5,0.710753,0.710017
0,7,6,0.715572,0.714141
0,7,7,0.719992,0.719613
0,7,8,0.727525,0.724916
0,7,9,0.739436,0.734933
0,7,10,0.750715,0.738468
0,7,11,0.762584,0.744276
0,7,12,0.772243,0.747306
0,7,13,0.783312,0.755219
0,7,14,0.795686,0.762374
0,7,15,0.804966,0.770034
0,7,16,0.813636,0.768855
0,7,17,0.820455,0.772811
0,7,18,0.826073,0.772727
0,7,19,0.831839,0.772138
0,7,20,0.837963,0.774579
0,7,21,0.842887,0.773653
0,7,22,0.847159,0.773990
0,7,23,0.850421,0.772222
0,7,24,0.853136,0.775253
0,7,25,0.854756,0.774158
0,7,26,0.856313,0.772980
0,7,27,0.856839,0.772138
0,7,28,0.857534,0.771549
0,7,29,0.857576,0.771633
0,7,30,0.857786,0.771717
0,8,3,0.695896,0.695202
0,8,4,0.700694,0.700758
0,8,5,0.710753,0.710017
0,8,6,0.715551,0.714141
0,8,7,0.719971,0.719613
0,8,8,0.727441,0.725000
0,8,9,0.739268,0.734764
0,8,10,0.750168,0.737963
0,8,11,0.761427,0.744444
0,8,12,0.770602,0.747222
0,8,13,0.781103,0.754882
0,8,14,0.792950,0.761953
0,8,15,0.801810,0.770118
0,8,16,0.809891,0.769108
0,8,17,0.816246,0.772643
0,8,18,0.821128,0.773232
0,8,19,0.826221,0.773316
0,8,20,0.832344,0.775758
0,8,21,0.837079,0.777862
0,8,22,0.840783,0.775084
0,8,23,0.843308,0.775421
0,8,24,0.845518,0.775673
0,8,25,0.847096,0.775505
0,8,26,0.847748,0.774916
0,8,27,0.848548,0.773737
0,8,28,0.848716,0.774242
0,8,29,0.848716,0.773906
0,8,30,0.848885,0.773148
0,9,3,0.695896,0.695202
0,9,4,0.700694,0.700758
0,9,5,0.710753,0.710017
0,9,6,0.715509,0.713973
0,9,7,0.719928,0.719444
0,9,8,0.727336,0.725168
0,9,9,0.739141,0.736027
0,9,10,0.750042,0.738889
0,9,11,0.761132,0.745791
0,9,12,0.769823,0.748148
0,9,13,0.779714,0.756229
0,9,14,0.791225,0.763131
0,9,15,0.799453,0.769613
0,9,16,0.806881,0.768855
0,9,17,0.813447,0.772222
0,9,18,0.818455,0.770960
0,9,19,0.823127,0.772475
0,9,20,0.828788,0.772811
0,9,21,0.832828,0.773822
0,9,22,0.835964,0.771801
0,9,23,0.838468,0.772980
0,9,24,0.840278,0.772980
0,9,25,0.841351,0.773990
0,9,26,0.842151,0.771801
0,9,27,0.842782,0.770960
0,9,28,0.843056,0.771212
0,9,29,0.843140,0.771044
0,9,30,0.843203,0.770539
