,minLeaf,maxDepth,strat,trainAcc,valAcc
0,0,0,baseline,0.5430765993265994,0.0
0,5,17,mean,0.829735,0.768098
0,5,17,median,0.827420,0.766582
0,5,18,mean,0.835964,0.768771
0,5,18,median,0.834343,0.769697
0,5,19,mean,0.843077,0.768350
0,5,19,median,0.842109,0.764731
0,5,20,mean,0.849011,0.769613
0,5,20,median,0.849348,0.770875
0,5,21,mean,0.855198,0.770707
0,5,21,median,0.855135,0.769781
0,5,22,mean,0.859470,0.769360
0,5,22,median,0.859301,0.768939
0,5,23,mean,0.862963,0.768013
0,5,23,median,0.863699,0.767256
0,5,24,mean,0.865699,0.769613
0,5,24,median,0.866709,0.769108
0,5,25,mean,0.867950,0.770286
0,5,25,median,0.868392,0.768855
0,5,26,mean,0.869676,0.769444
0,5,26,median,0.870560,0.768350
0,5,27,mean,0.871402,0.769276
0,5,27,median,0.871822,0.768519
0,5,28,mean,0.871970,0.768266
0,5,28,median,0.873043,0.766414
0,5,29,mean,0.872538,0.767256
0,5,29,median,0.873695,0.766414
0,5,30,mean,0.872959,0.766667
0,5,30,median,0.873801,0.767172
0,6,17,mean,0.825737,0.770118
0,6,17,median,0.823506,0.767340
0,6,18,mean,0.831103,0.770539
0,6,18,median,0.829672,0.769781
0,6,19,mean,0.837731,0.770875
0,6,19,median,0.836679,0.768939
0,6,20,mean,0.842593,0.772811
0,6,20,median,0.842929,0.771549
0,6,21,mean,0.847811,0.773148
0,6,21,median,0.848085,0.772811
0,6,22,mean,0.851494,0.772391
0,6,22,median,0.851894,0.772138
0,6,23,mean,0.854672,0.772811
0,6,23,median,0.855745,0.769613
0,6,24,mean,0.856944,0.774074
0,6,24,median,0.857997,0.771549
0,6,25,mean,0.859133,0.773401
0,6,25,median,0.859491,0.772559
0,6,26,mean,0.860375,0.772727
0,6,26,median,0.861027,0.770118
0,6,27,mean,0.861742,0.772727
0,6,27,median,0.862184,0.770539
0,6,28,mean,0.861995,0.772475
0,6,28,median,0.862942,0.770034
0,6,29,mean,0.862311,0.771801
0,6,29,median,0.863089,0.770707
0,6,30,mean,0.862942,0.772222
0,6,30,median,0.863721,0.770202
0,7,17,mean,0.821612,0.771717
0,7,17,median,0.819024,0.768013
0,7,18,mean,0.826347,0.772138
0,7,18,median,0.825210,0.770791
0,7,19,mean,0.832008,0.776515
0,7,19,median,0.830976,0.772896
0,7,20,mean,0.836616,0.775084
0,7,20,median,0.836827,0.772559
0,7,21,mean,0.841519,0.777525
0,7,21,median,0.842193,0.774242
0,7,22,mean,0.844802,0.775084
0,7,22,median,0.845391,0.772391
0,7,23,mean,0.847370,0.775758
0,7,23,median,0.848380,0.770707
0,7,24,mean,0.848948,0.776178
0,7,24,median,0.850021,0.772222
0,7,25,mean,0.850884,0.776010
0,7,25,median,0.851536,0.772643
0,7,26,mean,0.851873,0.774242
0,7,26,median,0.852883,0.771128
0,7,27,mean,0.853030,0.774495
0,7,27,median,0.853683,0.771886
0,7,28,mean,0.853535,0.774663
0,7,28,median,0.854272,0.770455
0,7,29,mean,0.853451,0.775505
0,7,29,median,0.854251,0.771970
0,7,30,mean,0.853809,0.774074
0,7,30,median,0.854524,0.771044
0,8,17,mean,0.817508,0.773401
0,8,17,median,0.815299,0.770370
0,8,18,mean,0.822159,0.772811
0,8,18,median,0.821317,0.771465
0,8,19,mean,0.827210,0.776178
0,8,19,median,0.826662,0.773232
0,8,20,mean,0.831481,0.774832
0,8,20,median,0.832302,0.771970
0,8,21,mean,0.835795,0.776263
0,8,21,median,0.836595,0.774074
0,8,22,mean,0.838826,0.775253
0,8,22,median,0.839604,0.773316
0,8,23,mean,0.840972,0.775505
0,8,23,median,0.842235,0.770370
0,8,24,mean,0.842088,0.775505
0,8,24,median,0.843582,0.773148
0,8,25,mean,0.843729,0.776431
0,8,25,median,0.844823,0.773569
0,8,26,mean,0.844781,0.775337
0,8,26,median,0.846023,0.771465
0,8,27,mean,0.845244,0.774327
0,8,27,median,0.846317,0.772391
0,8,28,mean,0.845707,0.774663
0,8,28,median,0.846864,0.772896
0,8,29,mean,0.845960,0.773401
0,8,29,median,0.846928,0.771380
0,8,30,mean,0.846212,0.773148
0,8,30,median,0.847201,0.770875
0,9,17,mean,0.814457,0.773569
0,9,17,median,0.812668,0.770960
0,9,18,mean,0.818603,0.772811
0,9,18,median,0.818140,0.772306
0,9,19,mean,0.823190,0.774242
0,9,19,median,0.823232,0.772138
0,9,20,mean,0.827125,0.772896
0,9,20,median,0.828367,0.769024
0,9,21,mean,0.831334,0.774411
0,9,21,median,0.833039,0.771970
0,9,22,mean,0.834112,0.773737
0,9,22,median,0.835543,0.771212
0,9,23,mean,0.835964,0.774663
0,9,23,median,0.837731,0.771549
0,9,24,mean,0.836869,0.774747
0,9,24,median,0.839184,0.772559
0,9,25,mean,0.838552,0.774747
0,9,25,median,0.840088,0.773148
0,9,26,mean,0.839141,0.774327
0,9,26,median,0.840825,0.772896
0,9,27,mean,0.839562,0.773990
0,9,27,median,0.841162,0.773316
0,9,28,mean,0.839646,0.774579
0,9,28,median,0.841330,0.772811
0,9,29,mean,0.840004,0.774158
0,9,29,median,0.841604,0.772727
0,9,30,mean,0.840593,0.773232
0,9,30,median,0.841751,0.771886
0,10,17,mean,0.811700,0.772391
0,10,17,median,0.810122,0.769865
0,10,18,mean,0.815593,0.771465
0,10,18,median,0.815383,0.771633
0,10,19,mean,0.819823,0.773232
0,10,19,median,0.820265,0.771970
0,10,20,mean,0.823464,0.773485
0,10,20,median,0.824853,0.770455
0,10,21,mean,0.827294,0.772896
0,10,21,median,0.829251,0.771717
0,10,22,mean,0.830408,0.773906
0,10,22,median,0.831797,0.771380
0,10,23,mean,0.831650,0.773401
0,10,23,median,0.833628,0.770370
0,10,24,mean,0.832702,0.773990
0,10,24,median,0.835038,0.772138
0,10,25,mean,0.833649,0.774158
0,10,25,median,0.835522,0.772643
0,10,26,mean,0.834343,0.773737
0,10,26,median,0.836301,0.772559
0,10,27,mean,0.834617,0.773737
0,10,27,median,0.836553,0.773148
0,10,28,mean,0.834870,0.774074
0,10,28,median,0.836595,0.772727
0,10,29,mean,0.834659,0.773232
0,10,29,median,0.836658,0.772811
0,10,30,mean,0.835227,0.772643
0,10,30,median,0.836721,0.772643
0,11,17,mean,0.810248,0.771970
0,11,17,median,0.808396,0.769444
0,11,18,mean,0.813742,0.771886
0,11,18,median,0.813363,0.771465
0,11,19,mean,0.817508,0.773569
0,11,19,median,0.818077,0.771886
0,11,20,mean,0.821065,0.773316
0,11,20,median,0.822685,0.769360
0,11,21,mean,0.824390,0.773401
0,11,21,median,0.826957,0.771212
0,11,22,mean,0.827210,0.775168
0,11,22,median,0.829167,0.771380
0,11,23,mean,0.828388,0.774242
0,11,23,median,0.830535,0.770455
0,11,24,mean,0.829672,0.774663
0,11,24,median,0.831965,0.771633
0,11,25,mean,0.830513,0.774495
0,11,25,median,0.832218,0.772054
0,11,26,mean,0.831040,0.774074
0,11,26,median,0.832786,0.772138
0,11,27,mean,0.831166,0.774327
0,11,27,median,0.832786,0.771717
0,11,28,mean,0.831587,0.774242
0,11,28,median,0.832828,0.772054
0,11,29,mean,0.831629,0.773232
0,11,29,median,0.832891,0.772054
0,11,30,mean,0.832008,0.773485
0,11,30,median,0.832997,0.771886
0,12,17,mean,0.808502,0.770960
0,12,17,median,0.806671,0.769360
0,12,18,mean,0.811448,0.771380
0,12,18,median,0.810985,0.771380
0,12,19,mean,0.815257,0.773316
0,12,19,median,0.815614,0.771212
0,12,20,mean,0.818750,0.773990
0,12,20,median,0.820518,0.770623
0,12,21,mean,0.821570,0.774747
0,12,21,median,0.824579,0.774158
0,12,22,mean,0.824221,0.775842
0,12,22,median,0.826410,0.772811
0,12,23,mean,0.825126,0.774579
0,12,23,median,0.827189,0.772811
0,12,24,mean,0.826242,0.775673
0,12,24,median,0.828304,0.774411
0,12,25,mean,0.827020,0.774916
0,12,25,median,0.828514,0.774916
0,12,26,mean,0.827399,0.774579
0,12,26,median,0.828893,0.774074
0,12,27,mean,0.827967,0.774411
0,12,27,median,0.828977,0.774074
0,12,28,mean,0.828030,0.774327
0,12,28,median,0.828998,0.774158
0,12,29,mean,0.828241,0.774074
0,12,29,median,0.828956,0.774074
0,12,30,mean,0.828430,0.774158
0,12,30,median,0.829061,0.773906
0,13,17,mean,0.806629,0.769360
0,13,17,median,0.804945,0.766246
0,13,18,mean,0.809470,0.770118
0,13,18,median,0.809175,0.769108
0,13,19,mean,0.812816,0.772222
0,13,19,median,0.813300,0.768519
0,13,20,mean,0.816014,0.773232
0,13,20,median,0.817992,0.768266
0,13,21,mean,0.818561,0.772980
0,13,21,median,0.821738,0.770370
0,13,22,mean,0.820833,0.773232
0,13,22,median,0.823527,0.770791
0,13,23,mean,0.822138,0.772811
0,13,23,median,0.824263,0.770791
0,13,24,mean,0.823190,0.773148
0,13,24,median,0.825316,0.772138
0,13,25,mean,0.823758,0.773148
0,13,25,median,0.825400,0.772306
0,13,26,mean,0.823843,0.772643
0,13,26,median,0.825484,0.772054
0,13,27,mean,0.824411,0.772475
0,13,27,median,0.825526,0.771633
0,13,28,mean,0.824537,0.772306
0,13,28,median,0.825568,0.771633
0,13,29,mean,0.824663,0.772391
0,13,29,median,0.825526,0.772054
0,13,30,mean,0.824769,0.772138
0,13,30,median,0.825526,0.772054
0,14,17,mean,0.804398,0.771633
0,14,17,median,0.802673,0.768434
0,14,18,mean,0.807513,0.772391
0,14,18,median,0.807281,0.771296
0,14,19,mean,0.810501,0.773822
0,14,19,median,0.811027,0.770707
0,14,20,mean,0.813994,0.775168
0,14,20,median,0.815804,0.770539
0,14,21,mean,0.816225,0.775000
0,14,21,median,0.819318,0.772896
0,14,22,mean,0.818476,0.775084
0,14,22,median,0.820960,0.772896
0,14,23,mean,0.819318,0.775168
0,14,23,median,0.821591,0.772643
0,14,24,mean,0.820181,0.775337
0,14,24,median,0.822264,0.774327
0,14,25,mean,0.820749,0.774158
0,14,25,median,0.822327,0.774832
0,14,26,mean,0.820875,0.773822
0,14,26,median,0.822517,0.774495
0,14,27,mean,0.821402,0.773990
0,14,27,median,0.822496,0.774242
0,14,28,mean,0.821486,0.773990
0,14,28,median,0.822475,0.774747
0,14,29,mean,0.821570,0.774158
0,14,29,median,0.822454,0.774411
0,14,30,mean,0.821654,0.773990
0,14,30,median,0.822454,0.774411
0,15,17,mean,0.803283,0.771633
0,15,17,median,0.800821,0.768098
0,15,18,mean,0.805829,0.771549
0,15,18,median,0.804924,0.770623
0,15,19,mean,0.808628,0.772306
0,15,19,median,0.808796,0.770118
0,15,20,mean,0.811721,0.774158
0,15,20,median,0.813089,0.770370
0,15,21,mean,0.813678,0.774242
0,15,21,median,0.816141,0.772727
0,15,22,mean,0.815825,0.774579
0,15,22,median,0.817593,0.773316
0,15,23,mean,0.816540,0.773990
0,15,23,median,0.818035,0.772896
0,15,24,mean,0.817361,0.773653
0,15,24,median,0.818813,0.773737
0,15,25,mean,0.817887,0.773990
0,15,25,median,0.818897,0.774832
0,15,26,mean,0.817761,0.773906
0,15,26,median,0.818792,0.774495
0,15,27,mean,0.818287,0.773653
0,15,27,median,0.818792,0.774747
0,15,28,mean,0.818392,0.773316
0,15,28,median,0.818771,0.774663
0,15,29,mean,0.818476,0.773316
0,15,29,median,0.818771,0.774663
0,15,30,mean,0.818561,0.773316
0,15,30,median,0.818771,0.774663
0,3,0,mean,0.908333,0.763973
0,4,0,mean,0.886469,0.764057
0,5,0,mean,0.874137,0.766498
0,6,0,mean,0.863678,0.771970
0,7,0,mean,0.854861,0.774158
0,8,0,mean,0.846759,0.774327
0,9,0,mean,0.840930,0.773653
0,10,0,mean,0.835711,0.773485
0,11,0,mean,0.832344,0.773064
0,12,0,mean,0.828662,0.773990
0,13,0,mean,0.824853,0.771886
0,14,0,mean,0.821907,0.773401
0,15,0,mean,0.818834,0.772980
0,16,0,mean,0.816162,0.773485
0,17,0,mean,0.814099,0.772643
0,18,0,mean,0.811637,0.771465
0,19,0,mean,0.809933,0.770791
0,20,0,mean,0.807681,0.769444
0,21,0,mean,0.806481,0.770707
0,22,0,mean,0.804651,0.769865
