,minLeaf,maxDepth,strat,trainAcc,valAcc
0,0,0,baseline,0.5430765993265994,0.0
0,5,17,mean,0.829735,0.768098
0,5,17,median,0.827420,0.766582
0,5,18,mean,0.835964,0.768771
0,5,18,median,0.834343,0.769697
0,5,19,mean,0.843077,0.768350
0,5,19,median,0.842109,0.764731
0,5,20,mean,0.849011,0.769613
0,5,20,median,0.849348,0.770875
0,5,21,mean,0.855198,0.770707
0,5,21,median,0.855135,0.769781
0,5,22,mean,0.859470,0.769360
0,5,22,median,0.859301,0.768939
0,5,23,mean,0.862963,0.768013
0,5,23,median,0.863699,0.767256
0,5,24,mean,0.865699,0.769613
0,5,24,median,0.866709,0.769108
0,5,25,mean,0.867950,0.770286
0,5,25,median,0.868392,0.768855
0,5,26,mean,0.869676,0.769444
0,5,26,median,0.870560,0.768350
0,5,27,mean,0.871402,0.769276
0,5,27,median,0.871822,0.768519
0,5,28,mean,0.871970,0.768266
0,5,28,median,0.873043,0.766414
0,5,29,mean,0.872538,0.767256
0,5,29,median,0.873695,0.766414
0,5,30,mean,0.872959,0.766667
0,5,30,median,0.873801,0.767172
